 PDE 2013  9 25 16 42 43.80 -15.8500  -74.5600  45.8 0.0 7.0 NEAR COAST OF PERU
event name:     C201309251642A
time shift:      8.6000
half duration:   8.1000
latitude:      -16.0300
longitude:     -74.8100
depth:          46.1000
Mrr:       3.610000e+26
Mtt:      -2.250000e+26
Mpp:      -1.360000e+26
Mrt:       1.540000e+26
Mrp:      -1.540000e+26
Mtp:       2.650000e+26
