 PDE 2013 10  6 21 33 19.80 -36.7300  -97.4800  10.3 0.0 6.2 SOUTHEAST OF EASTER ISLAND
event name:     C201310062133A
time shift:     11.5000
half duration:   3.1000
latitude:      -36.4100
longitude:     -98.1800
depth:          24.7000
Mrr:      -7.700000e+23
Mtt:      -1.720000e+24
Mpp:       2.490000e+24
Mrt:       3.950000e+24
Mrp:      -4.720000e+24
Mtp:      -2.450000e+25
