 PDE 2013  8 16  5 31 16.50 -41.6700  174.2600  14.3 0.0 5.9 COOK STRAIT, NEW ZEALAND
event name:     C201308160531A
time shift:      4.3000
half duration:   2.1000
latitude:      -41.7600
longitude:     174.1700
depth:          17.5000
Mrr:       2.730000e+24
Mtt:       2.410000e+24
Mpp:      -5.140000e+24
Mrt:      -3.260000e+24
Mrp:       3.470000e+24
Mtp:      -4.000000e+24
