 PDE 2013  5 27  3 36 30.10  14.5500   53.8900  10.3 5.4 5.9 OWEN FRACTURE ZONE REGION
event name:     C201305270336A
time shift:      1.8000
half duration:   2.2000
latitude:       14.5300
longitude:      53.7000
depth:          17.9000
Mrr:      -9.100000e+23
Mtt:       7.070000e+24
Mpp:      -6.160000e+24
Mrt:       2.730000e+24
Mrp:       3.900000e+23
Mtp:       6.030000e+24
