 PDE 2013  8 31  6 38 36.50  51.3600 -174.9300  17.2 0.0 6.0 ANDREANOF ISLANDS, ALEUTIAN IS.
event name:     C201308310638A
time shift:      3.8000
half duration:   2.5000
latitude:       51.3000
longitude:    -174.8700
depth:          18.7000
Mrr:       9.140000e+24
Mtt:      -7.630000e+24
Mpp:      -1.510000e+24
Mrt:       8.500000e+24
Mrp:       3.480000e+24
Mtp:      -3.460000e+24
