 PDE 2013  6  2  5 43  3.50  23.7900  121.1400  17.0 6.1 6.2 TAIWAN
event name:     C201306020543A
time shift:      3.3000
half duration:   3.3000
latitude:       23.8400
longitude:     120.8200
depth:          19.2000
Mrr:       2.030000e+25
Mtt:       1.070000e+24
Mpp:      -2.140000e+25
Mrt:      -5.650000e+24
Mrp:      -2.250000e+25
Mtp:      -3.500000e+24
