 PDE 2013  9 15 16 21 36.90  51.5500 -174.6800  22.3 5.9 6.1 ANDREANOF ISLANDS, ALEUTIAN IS.
event name:     C201309151621A
time shift:      4.2000
half duration:   2.7000
latitude:       51.5100
longitude:    -174.6700
depth:          24.1000
Mrr:       1.310000e+25
Mtt:      -1.210000e+25
Mpp:      -1.010000e+24
Mrt:       9.100000e+24
Mrp:       5.420000e+24
Mtp:      -4.900000e+24
