 PDE 2013 10 16 10 30 58.50  -6.4500  154.9300  35.0 0.0 6.8 SOLOMON ISLANDS
event name:     C201310161031A
time shift:      6.7000
half duration:   6.0000
latitude:       -6.6900
longitude:     154.9300
depth:          45.8000
Mrr:       1.810000e+26
Mtt:      -1.060000e+26
Mpp:      -7.470000e+25
Mrt:       2.100000e+24
Mrp:      -1.550000e+25
Mtp:       9.570000e+25
