 PDE 2013 10  4 17 26 13.60 -38.6100   78.3700  12.7 0.0 6.4 MID-INDIAN RIDGE
event name:     C201310041726A
time shift:      9.4000
half duration:   3.8000
latitude:      -38.6400
longitude:      78.2100
depth:          12.0000
Mrr:      -4.380000e+24
Mtt:      -4.420000e+25
Mpp:       4.860000e+25
Mrt:       6.490000e+24
Mrp:       3.200000e+24
Mtp:      -6.190000e+24
