 PDE 2013  8 17 16 32 31.40 -34.8800   54.1000  10.0 0.0 6.1 SOUTHWEST INDIAN RIDGE
event name:     C201308171632A
time shift:      3.7000
half duration:   3.0000
latitude:      -34.8900
longitude:      54.1200
depth:          12.0000
Mrr:      -3.220000e+24
Mtt:       4.220000e+24
Mpp:      -1.000000e+24
Mrt:       2.600000e+23
Mrp:       1.650000e+24
Mtp:       2.290000e+25
