 PDE 2013  7  6  5  5  6.70  -3.2700  100.5600  21.0 5.9 6.3 SOUTHERN SUMATRA, INDONESIA
event name:     C201307060505A
time shift:      3.4000
half duration:   2.6000
latitude:       -3.5800
longitude:     100.2200
depth:          21.4000
Mrr:       8.720000e+24
Mtt:      -3.750000e+24
Mpp:      -4.970000e+24
Mrt:       1.100000e+25
Mrp:      -7.150000e+24
Mtp:       4.610000e+24
