 PDE 2013 10 12 13 11 53.30  35.5100   23.2500  40.0 0.0 6.6 CRETE, GREECE
event name:     C201310121311A
time shift:      3.1000
half duration:   6.1000
latitude:       35.3700
longitude:      23.3700
depth:          15.0000
Mrr:       1.180000e+25
Mtt:      -5.700000e+24
Mpp:      -6.100000e+24
Mrt:       1.510000e+26
Mrp:      -8.440000e+25
Mtp:       1.030000e+25
