 PDE 2013  6 15 16 11  2.50  34.4000   25.0200  10.0 6.0 6.2 CRETE, GREECE
event name:     C201306151611A
time shift:      3.3000
half duration:   3.6000
latitude:       34.2000
longitude:      25.0600
depth:          12.0000
Mrr:       4.760000e+24
Mtt:      -8.270000e+24
Mpp:       3.500000e+24
Mrt:       3.660000e+25
Mrp:      -6.370000e+24
Mtp:      -1.190000e+24
