 PDE 2013  5 21  3  8 17.10  52.4900  160.1400   7.6 5.6 5.8 OFF EAST COAST OF KAMCHATKA
event name:     C201305210308A
time shift:      6.0000
half duration:   2.0000
latitude:       52.3600
longitude:     160.3800
depth:          22.8000
Mrr:       5.100000e+24
Mtt:      -1.810000e+24
Mpp:      -3.290000e+24
Mrt:       2.550000e+24
Mrp:       4.550000e+24
Mtp:      -1.910000e+24
