 PDE 2013  6 13 16 47 23.30 -10.0000  107.2400   9.0 6.5 6.7 SOUTH OF JAVA, INDONESIA
event name:     C201306131647A
time shift:      8.6000
half duration:   5.0000
latitude:      -10.1500
longitude:     107.3700
depth:          12.6000
Mrr:      -8.960000e+25
Mtt:       9.170000e+25
Mpp:      -2.100000e+24
Mrt:       2.970000e+25
Mrp:      -1.070000e+25
Mtp:      -5.580000e+25
