 PDE 2013  9  4  6 27  5.50  51.5700 -174.9900  32.8 0.0 6.0 ANDREANOF ISLANDS, ALEUTIAN IS.
event name:     C201309040627A
time shift:      1.2000
half duration:   2.6000
latitude:       51.4100
longitude:    -174.8500
depth:          26.3000
Mrr:       9.530000e+24
Mtt:      -7.420000e+24
Mpp:      -2.110000e+24
Mrt:       1.090000e+25
Mrp:       2.430000e+24
Mtp:      -3.960000e+24
