 PDE 2013  7  4 17 15 54.50  -7.0300  155.7300  29.0 5.7 6.1 SOLOMON ISLANDS
event name:     C201307041716A
time shift:      6.3000
half duration:   2.5000
latitude:       -7.2200
longitude:     155.6800
depth:          41.3000
Mrr:       1.260000e+25
Mtt:      -9.060000e+24
Mpp:      -3.560000e+24
Mrt:      -1.070000e+24
Mrp:      -3.750000e+24
Mtp:       7.770000e+24
