 PDE 2013  9  4  2 32 30.80  51.5900 -174.7300  20.0 0.0 6.5 ANDREANOF ISLANDS, ALEUTIAN IS.
event name:     C201309040232A
time shift:      4.6000
half duration:   4.4000
latitude:       51.3700
longitude:    -174.8200
depth:          21.2000
Mrr:       5.610000e+25
Mtt:      -4.950000e+25
Mpp:      -6.590000e+24
Mrt:       3.970000e+25
Mrp:       2.350000e+25
Mtp:      -1.970000e+25
