 PDE 2013  7 22  7  1 42.50 -46.0500   34.7800  10.0 5.8 6.3 PRINCE EDWARD ISLANDS REGION
event name:     C201307220701A
time shift:      5.4000
half duration:   3.4000
latitude:      -45.8900
longitude:      34.9300
depth:          20.7000
Mrr:      -7.500000e+23
Mtt:       1.990000e+25
Mpp:      -1.910000e+25
Mrt:       2.590000e+24
Mrp:      -1.420000e+24
Mtp:       2.810000e+25
