 PDE 2013  8 21 12 38 29.50  16.8400  -99.5300  21.0 0.0 6.2 GUERRERO, MEXICO
event name:     C201308211238A
time shift:      6.3000
half duration:   3.0000
latitude:       17.0000
longitude:     -99.5400
depth:          23.3000
Mrr:       1.480000e+25
Mtt:      -1.300000e+25
Mpp:      -1.820000e+24
Mrt:       1.380000e+25
Mrp:      -9.570000e+24
Mtp:       4.870000e+24
