 PDE 2013  6 16 21 39  5.80  34.3500   25.1600  19.0 5.9 6.0 CRETE, GREECE
event name:     C201306162139A
time shift:      1.6000
half duration:   2.8000
latitude:       34.2200
longitude:      25.1900
depth:          20.0000
Mrr:       1.560000e+24
Mtt:      -3.100000e+24
Mpp:       1.540000e+24
Mrt:       1.740000e+25
Mrp:      -7.090000e+24
Mtp:      -9.400000e+23
