 PDE 2013  7 15 13 59  4.60 -15.4000 -173.0900  15.0 5.5 5.8 SAMOA ISLANDS REGION
event name:     C201307151359A
time shift:      7.5000
half duration:   1.9000
latitude:      -15.2300
longitude:    -172.7400
depth:          20.9000
Mrr:       5.440000e+24
Mtt:      -2.500000e+24
Mpp:      -2.940000e+24
Mrt:      -2.990000e+23
Mrp:       1.920000e+24
Mtp:      -2.910000e+24
