 PDE 2013  7 16  9 35 53.60  -6.2900  154.7700  40.0 5.4 6.0 SOLOMON ISLANDS
event name:     C201307160935A
time shift:      5.9000
half duration:   2.2000
latitude:       -6.5700
longitude:     154.6900
depth:          43.8000
Mrr:       8.750000e+24
Mtt:      -5.050000e+24
Mpp:      -3.700000e+24
Mrt:       4.800000e+23
Mrp:      -8.500000e+23
Mtp:       4.850000e+24
