 PDE 2013  8 11 21 23 43.80  30.0800   97.9300  19.7 0.0 5.7 XIZANG
event name:     C201308112123B
time shift:     -0.7000
half duration:   1.9000
latitude:       30.0200
longitude:      97.9500
depth:          12.6000
Mrr:      -3.800000e+24
Mtt:       3.820000e+24
Mpp:      -2.100000e+22
Mrt:      -1.030000e+24
Mrp:       2.310000e+24
Mtp:       4.090000e+24
