 PDE 2013  7 21 23 45 56.70  34.5100  104.2600   8.0 6.1 6.2 GANSU, CHINA
event name:     C201307212345A
time shift:      2.0000
half duration:   2.4000
latitude:       34.6000
longitude:     104.3100
depth:          17.1000
Mrr:       6.130000e+24
Mtt:       4.410000e+24
Mpp:      -1.050000e+25
Mrt:      -4.690000e+24
Mrp:       2.000000e+23
Mtp:       6.870000e+24
