 PDE 2013  5 21  5 43 21.00  52.2800  160.0700  30.0 5.8 6.1 OFF EAST COAST OF KAMCHATKA
event name:     C201305210543A
time shift:      5.2000
half duration:   2.9000
latitude:       52.1900
longitude:     160.3400
depth:          28.7000
Mrr:       1.580000e+25
Mtt:      -5.410000e+24
Mpp:      -1.040000e+25
Mrt:       8.900000e+24
Mrp:       1.030000e+25
Mtp:      -7.840000e+24
