 PDE 2013 10 15  0 12 32.00   9.8800  124.1200  19.0 0.0 7.1 NEGROS, PHILIPPINES
event name:     C201310150012A
time shift:     18.0000
half duration:   8.7000
latitude:        9.8400
longitude:     123.9600
depth:          12.0000
Mrr:       4.970000e+26
Mtt:      -2.910000e+26
Mpp:      -2.060000e+26
Mrt:      -1.020000e+26
Mrp:      -2.970000e+25
Mtp:      -3.530000e+26
