 PDE 2013  7 21  5  9 31.50 -41.7000  174.3400  17.0 6.1 6.7 COOK STRAIT, NEW ZEALAND
event name:     C201307210509A
time shift:      7.6000
half duration:   4.3000
latitude:      -41.6300
longitude:     174.1700
depth:          12.0000
Mrr:       1.420000e+25
Mtt:       4.620000e+25
Mpp:      -6.050000e+25
Mrt:      -3.650000e+25
Mrp:       1.600000e+25
Mtp:      -1.950000e+25
