 PDE 2013  8 30 16 25  2.80  51.6100 -175.3600  33.5 0.0 7.0 ANDREANOF ISLANDS, ALEUTIAN IS.
event name:     C201308301625B
time shift:      6.7000
half duration:   7.4000
latitude:       51.4400
longitude:    -175.1200
depth:          26.7000
Mrr:       2.520000e+26
Mtt:      -2.260000e+26
Mpp:      -2.530000e+25
Mrt:       2.180000e+26
Mrp:       1.170000e+26
Mtp:      -8.980000e+25
