 PDE 2013  9  5  4  1 36.00  15.2100  -45.1700  10.0 0.0 6.0 NORTHERN MID-ATLANTIC RIDGE
event name:     C201309050401A
time shift:      2.2000
half duration:   2.4000
latitude:       15.2900
longitude:     -45.0300
depth:          12.0000
Mrr:      -2.200000e+24
Mtt:      -2.590000e+24
Mpp:       4.790000e+24
Mrt:       3.000000e+22
Mrp:       4.800000e+23
Mtp:      -1.130000e+25
