 PDE 2013  9  4  6 16 50.00  51.5000 -174.8000  25.2 0.0 5.7 ANDREANOF ISLANDS, ALEUTIAN IS.
event name:     C201309040616A
time shift:      2.2000
half duration:   1.9000
latitude:       51.4400
longitude:    -174.7700
depth:          25.2000
Mrr:       4.640000e+24
Mtt:      -3.410000e+24
Mpp:      -1.230000e+24
Mrt:       3.470000e+24
Mrp:       1.480000e+24
Mtp:      -1.780000e+24
