 PDE 2013  8 12  9 49 32.30  -5.4000  -81.9300  10.0 0.0 6.3 OFF COAST OF NORTHERN PERU
event name:     C201308120949A
time shift:     -0.2000
half duration:   3.1000
latitude:       -5.5200
longitude:     -82.1300
depth:          12.0000
Mrr:      -2.490000e+25
Mtt:      -1.610000e+24
Mpp:       2.650000e+25
Mrt:       2.610000e+24
Mrp:      -4.320000e+24
Mtp:      -3.200000e+24
