 PDE 2013  9 25  6 51 24.70 -50.0100 -113.7700  10.0 5.4 0.0 SOUTHERN EAST PACIFIC RISE
event name:     C201309250651A
time shift:     15.3000
half duration:   2.5000
latitude:      -50.0300
longitude:    -114.2500
depth:          12.0000
Mrr:      -6.000000e+22
Mtt:       3.980000e+24
Mpp:      -3.930000e+24
Mrt:      -9.300000e+23
Mrp:       2.300000e+23
Mtp:       1.250000e+25
