 PDE 2013  7 26 21 33  0.00 -57.9200  -23.8400  13.0 6.2 6.3 SOUTH SANDWICH ISLANDS REGION
event name:     C201307262132A
time shift:      5.1000
half duration:   3.3000
latitude:      -58.1200
longitude:     -23.5100
depth:          17.4000
Mrr:      -2.940000e+24
Mtt:      -2.450000e+25
Mpp:       2.750000e+25
Mrt:      -7.780000e+24
Mrp:       1.120000e+25
Mtp:       1.130000e+25
