 PDE 2013  5 21  3  5 50.80  52.3900  160.2900  11.4 5.5 5.9 OFF EAST COAST OF KAMCHATKA
event name:     C201305210305A
time shift:      4.7000
half duration:   1.9000
latitude:       52.2000
longitude:     160.8200
depth:          20.0000
Mrr:       4.890000e+24
Mtt:      -1.990000e+24
Mpp:      -2.900000e+24
Mrt:       2.840000e+24
Mrp:       2.970000e+24
Mtp:      -2.240000e+24
