 PDE 2013  9 28  7 34  7.30  27.2600   65.5900  14.8 0.0 6.8 PAKISTAN
event name:     C201309280734A
time shift:      4.9000
half duration:   6.4000
latitude:       27.1100
longitude:      65.5000
depth:          15.0000
Mrr:       2.600000e+25
Mtt:      -1.470000e+26
Mpp:       1.210000e+26
Mrt:       3.970000e+25
Mrp:      -1.840000e+26
Mtp:      -8.380000e+25
