 PDE 2013  9  3 20 19  6.90  51.2300 -130.4500   5.5 5.6 6.1 QUEEN CHARLOTTE ISLANDS REGION
event name:     C201309032019A
time shift:      3.4000
half duration:   2.7000
latitude:       51.1100
longitude:    -130.6100
depth:          12.0000
Mrr:      -9.800000e+23
Mtt:      -5.290000e+24
Mpp:       6.280000e+24
Mrt:       1.000000e+22
Mrp:      -4.820000e+24
Mtp:       1.450000e+25
