 PDE 2013  9  5 12 29 15.10  10.5900  -86.1100  18.0 0.0 5.9 OFF COAST OF COSTA RICA
event name:     C201309051229A
time shift:      4.0000
half duration:   2.0000
latitude:       10.3000
longitude:     -86.4500
depth:          20.6000
Mrr:       4.570000e+24
Mtt:      -3.070000e+24
Mpp:      -1.500000e+24
Mrt:       3.830000e+24
Mrp:      -3.120000e+24
Mtp:       2.430000e+24
