 PDE 2013  5 26  6  8 16.00  39.9600   67.3100  18.0 6.2 5.9 SOUTHEASTERN UZBEKISTAN
event name:     C201305260608A
time shift:     -1.2000
half duration:   1.9000
latitude:       39.9400
longitude:      67.2600
depth:          26.9000
Mrr:       4.840000e+24
Mtt:      -1.570000e+24
Mpp:      -3.280000e+24
Mrt:       2.080000e+24
Mrp:       1.060000e+24
Mtp:      -3.000000e+24
