 PDE 2013 10 29 10 37 56.00 -61.6900  154.6700  10.0 0.0 5.9 BALLENY ISLANDS REGION
event name:     C201310291037A
time shift:      4.4000
half duration:   2.3000
latitude:      -61.7300
longitude:     154.4300
depth:          15.3000
Mrr:      -3.900000e+23
Mtt:       9.140000e+24
Mpp:      -8.750000e+24
Mrt:      -5.900000e+23
Mrp:      -2.600000e+23
Mtp:      -6.610000e+24
