 PDE 2013  6 16  5 19  0.00  18.1600  -99.2000  52.0 5.9 5.8 GUERRERO, MEXICO
event name:     C201306160519A
time shift:      4.0000
half duration:   2.1000
latitude:       18.2500
longitude:     -99.1800
depth:          49.6000
Mrr:      -6.600000e+24
Mtt:       5.190000e+24
Mpp:       1.420000e+24
Mrt:      -3.550000e+24
Mrp:       6.950000e+23
Mtp:      -3.410000e+24
