 PDE 2013  6 15 17 34 27.80  11.7600  -86.9300  30.0 6.1 6.5 NEAR COAST OF NICARAGUA
event name:     C201306151734A
time shift:      8.0000
half duration:   4.0000
latitude:       11.6200
longitude:     -87.3000
depth:          39.4000
Mrr:       4.870000e+25
Mtt:      -3.630000e+25
Mpp:      -1.250000e+25
Mrt:       1.880000e+25
Mrp:      -1.340000e+25
Mtp:       2.630000e+25
