 PDE 2013  8 16  2 31  5.80 -41.7300  174.1500   8.2 0.0 6.5 COOK STRAIT, NEW ZEALAND
event name:     C201308160231A
time shift:      9.2000
half duration:   4.5000
latitude:      -41.7600
longitude:     174.0400
depth:          12.0000
Mrr:       1.280000e+25
Mtt:       5.030000e+25
Mpp:      -6.310000e+25
Mrt:      -3.180000e+25
Mrp:       2.830000e+25
Mtp:      -3.020000e+25
