 PDE 2013  9  4  0 23 12.90  51.2000 -129.9000   9.9 0.0 6.0 QUEEN CHARLOTTE ISLANDS REGION
event name:     C201309040023A
time shift:      0.8000
half duration:   2.4000
latitude:       51.1400
longitude:    -130.4300
depth:          16.6000
Mrr:      -1.000000e+23
Mtt:       1.920000e+24
Mpp:      -1.820000e+24
Mrt:       5.100000e+23
Mrp:      -5.470000e+24
Mtp:       1.130000e+25
