 PDE 2013  7  2  7 37  2.60   4.6400   96.6700  13.0 5.9 6.2 NORTHERN SUMATRA, INDONESIA
event name:     C201307020737A
time shift:      2.9000
half duration:   2.8000
latitude:        4.7400
longitude:      96.6800
depth:          15.9000
Mrr:      -3.900000e+23
Mtt:      -1.510000e+25
Mpp:       1.550000e+25
Mrt:      -1.070000e+25
Mrp:      -1.660000e+24
Mtp:      -5.200000e+24
