 PDE 2013  9  4  4 16 31.30  51.6000 -174.8100  34.6 5.5 5.9 ANDREANOF ISLANDS, ALEUTIAN IS.
event name:     C201309040416A
time shift:      0.2000
half duration:   2.2000
latitude:       51.3700
longitude:    -174.6500
depth:          22.3000
Mrr:       7.050000e+24
Mtt:      -6.220000e+24
Mpp:      -8.300000e+23
Mrt:       4.730000e+24
Mrp:       2.240000e+24
Mtp:      -2.170000e+24
