 PDE 2013  9 14 15 42 46.80  51.5500 -174.7200  24.9 0.0 6.0 ANDREANOF ISLANDS, ALEUTIAN IS.
event name:     C201309141542A
time shift:      2.2000
half duration:   2.2000
latitude:       51.4500
longitude:    -174.6900
depth:          22.0000
Mrr:       7.000000e+24
Mtt:      -6.690000e+24
Mpp:      -3.100000e+23
Mrt:       5.240000e+24
Mrp:       2.400000e+24
Mtp:      -2.410000e+24
